- Jet Lab
- Date: 2022-12-07 16:45:07
- Step: 1500 motor steps
1318
1290
1289
1273
1282
1269
1271
1268
1272
1273
1273
1279
1290
1276
1270
1284
1287
1281
1289
1285
1280
1274
1288
1276
1273
1273
1280
1271
1280
1273
1279
1277
1280
1280
1285
1279
1284
1281
1297
1282
1293
1283
1295
1284
1295
1301
1300
1301
1306
1293
1297
1303
1284
1297
1297
1285
1293
1291
1287
1283
1289
1287
1292
1294
1285
1293
1290
1282
1294
1294
1276
1288
1297
1275
1280
1275
1281
1276
1275
1282
1280
1281
1276
1284
1285
1280
1291
1278
1271
1276
1289
1285
1287
1293
1279
1283
1287
1288
1292
1285
1285
1280
1274
1291
1289
1288
1285
1274
1282
1282
1270
1285
1281
1276
1274
1285
1277
1282
1284
1271
1275
1279
1279
1270
1283
1260
1277
1268
1276
1280
1285
1267
1271
1285
1277
1269
1279
1272
1274
1282
1281
1277
1284
1285
1275
1280
1283
1288
1288
1287
1287
1295
1299
1293
1304
1293
1286
1296
1295
1300
1292
1292
1278
1277
1281
1288
1284
1291
1284
1268
1289
1287
1283
1287
1277
1281
1287
1292
1280
1281
1273
1275
1268
1275
1280
1269
1269
1269
1280
1267
1278
1278
1292
1287
1292
1279
1282
1285
1282
1283
1291
1280
1284
1277
1283
1283
1298
1294
1278
1287
1283
1285
1291
1275
1285
1279
1273
1283
1294
1289
1273
1273
1288
1283
1289
1273
1274
1282
1277
1283
1285
1285
1290
1282
1284
1274
1287
1289
1278
1285
1277
1275
1282
1282
1274
1275
1280
1277
1278
1281
1277
1284
1278
1277
1276
1276
1266
1279
1270
1278
1282
1292
1270
1284
1287
1290
1286
1288
1288
1293
1302
1298
1298
1302
1287
1292
1291
1288
1285
1289
1285
1277
1295
1288
1283
1294
1282
1272
1285
1288
1278
1277
1276
1283
1288
1287
1287
1283
1287
1277
1294
1296
1290
1303
1315
1307
1306
1315
1304
1302
1305
1303
1273
1287
1279
1284
1298
1284
1280
1284
1280
1283
1293
1274
1260
1276
1274
1272
1278
1284
1275
1277
1282
1283
1282
1286
1279
1278
1293
1292
1283
1284
1290
1275
1270
1292
1288
1297
1288
1273
1285
1287
1286
1278
1292
1287
1276
1289
1294
1285
1288
1283
1276
1283
1284
1276
1271
1283
1280
1258
1260
1287
1275
1267
1286
1271
1266
1278
1278
1286
1287
1269
1275
1284
1275
1282
1288
1280
1284
1289
1294
1291
1300
1298
1287
1295
1293
1280
1297
1280
1283
1278
1289
1280
1289
1279
1271
1276
1296
1285
1286
1285
1276
1291
1285
1290
1273
1287
1267
1281
1280
1278
1293
1284
1284
1278
1281
1289
1290
1292
1283
1282
1280
1283
1282
1280
1288
1267
1278
1278
1277
1288
1284
1293
1280
1273
1281
1287
1289
1286
1283
1288
1275
1281
1281
1279
1278
1276
1281
1287
1280
1267
1290
1279
1281
1288
1302
1300
1281
1283
1280
1288
1295
1274
1281
1290
1284
1277
1286
1281
1275
1278
1289
1275
1291
1287
1274
1276
1282
1279
1266
1278
1277
1270
1261
1270
1269
1267
1276
1280
