- Wave Lab
- Date: 2022-11-23 17:10:50
- Duration: 15.00 s

143
143
143
143
143
143
143
142
143
143
143
143
143
143
143
143
142
143
142
143
143
143
143
143
143
144
143
143
143
144
143
144
143
143
143
143
143
143
143
143
143
143
143
143
143
143
143
143
143
143
143
143
143
143
143
143
143
143
143
143
143
143
144
143
143
143
143
143
143
143
143
143
143
143
143
143
141
143
143
143
143
143
143
143
143
143
143
143
143
143
143
143
143
143
143
143
143
143
143
143
143
143
143
144
143
143
143
143
144
143
143
143
143
143
143
143
143
143
143
143
143
143
143
143
143
143
144
143
143
143
142
143
143
143
143
143
143
143
142
143
143
143
143
143
143
143
143
143
143
143
142
143
143
143
143
143
143
143
143
143
143
142
143
143
143
142
143
143
143
143
143
142
142
143
142
142
143
142
141
143
143
142
141
143
143
142
141
143
143
143
142
143
142
142
143
142
142
143
142
142
142
142
142
142
142
143
143
142
142
143
142
143
143
142
141
143
142
142
142
141
143
142
142
142
142
141
143
142
142
141
141
142
142
142
143
142
141
142
143
141
142
142
142
141
142
143
142
142
142
143
142
142
142
142
142
141
142
143
142
142
143
142
143
143
142
142
142
143
143
142
143
143
142
142
143
142
142
143
142
142
143
142
142
142
142
142
142
143
142
142
143
143
142
141
143
143
142
142
142
142
142
143
143
142
142
143
142
143
142
143
142
143
143
143
143
142
143
142
142
143
143
143
143
143
143
143
143
143
142
142
142
143
143
143
143
143
143
143
143
143
143
143
143
143
143
143
143
143
143
143
143
143
143
143
143
143
143
143
143
143
143
143
143
143
143
143
143
143
143
143
143
143
143
143
143
143
143
143
143
143
143
143
143
143
143
144
143
143
143
143
143
143
143
143
143
143
143
143
143
143
143
143
143
143
143
143
143
143
143
143
143
143
143
143
143
143
143
143
143
143
143
143
143
143
143
143
143
143
144
143
143
143
143
143
143
143
143
143
143
143
143
143
143
143
143
143
143
143
143
143
143
143
143
143
143
143
144
143
143
143
143
143
143
143
143
143
143
143
143
143
143
143
143
143
143
143
143
143
143
143
143
143
143
143
143
143
143
143
143
143
143
143
143
143
143
143
143
143
143
143
143
143
143
143
143
143
143
143
143
143
143
143
143
143
143
143
143
143
143
143
143
143
143
143
143
143
143
143
143
143
143
143
143
143
143
143
143
143
143
143
142
142
143
143
143
142
143
143
143
143
142
143
142
142
143
143
142
142
142
143
143
143
142
143
142
143
142
142
143
143
142
143
142
142
142
143
142
142
142
143
143
142
142
142
142
143
143
143
143
142
142
143
142
143
142
141
142
142
142
142
143
142
142
142
142
143
143
142
143
142
142
143
143
143
143
142
142
143
143
143
143
142
142
142
143
143
142
143
142
142
143
142
143
143
142
142
143
143
143
143
143
143
142
143
143
143
143
143
143
143
143
142
142
143
143
143
143
143
143
143
143
143
142
143
143
143
143
143
143
143
142
143
143
143
143
143
142
143
143
143
143
143
143
143
143
143
143
143
143
143
143
143
143
143
143
143
143
143
143
143
143
143
144
144
143
143
143
144
143
145
145
143
143
144
145
145
146
146
147
145
146
146
147
147
147
147
147
148
147
148
147
148
147
148
148
149
150
149
150
149
150
150
151
151
151
151
151
152
152
152
152
152
152
152
152
152
153
152
152
152
152
153
153
152
153
152
153
153
153
152
153
152
153
153
154
153
153
153
154
154
154
153
154
153
153
154
154
154
155
153
154
153
154
155
155
154
154
155
154
155
155
155
155
156
155
156
156
156
155
156
156
156
156
157
157
156
157
157
156
157
158
158
157
158
158
158
158
158
158
159
159
159
159
159
159
159
159
159
159
159
159
159
159
159
159
159
159
159
159
159
158
159
159
159
161
161
161
161
159
162
163
163
162
163
162
163
163
162
163
164
163
163
164
164
163
163
164
163
165
164
163
164
164
165
165
164
165
166
165
165
166
166
166
166
165
166
166
166
167
166
166
167
166
167
167
167
166
167
167
167
167
167
167
168
167
167
167
167
169
168
168
167
167
168
169
167
168
168
168
168
169
169
170
170
170
169
169
169
170
170
171
170
170
170
169
171
171
171
171
172
172
172
171
171
171
172
172
172
172
172
172
172
172
172
172
172
172
172
173
172
172
172
173
173
173
173
174
172
174
173
173
174
173
174
174
174
175
176
175
176
176
176
176
176
174
176
176
176
176
176
176
176
176
176
176
176
176
176
176
176
176
177
177
177
176
176
177
177
176
178
178
177
177
177
177
178
177
179
178
177
177
178
178
179
178
178
178
179
179
179
179
179
179
180
180
179
179
180
180
180
180
181
180
180
180
180
180
180
180
181
180
181
182
181
181
181
182
182
182
183
183
181
182
182
182
182
183
183
182
183
184
183
183
183
183
184
184
184
183
184
183
184
184
184
184
184
184
184
184
185
184
184
184
184
184
184
185
184
185
185
185
186
185
185
185
186
185
185
186
185
185
185
185
186
187
186
186
186
186
187
187
186
188
186
187
188
187
186
192
188
188
188
188
188
187
188
192
192
192
192
188
192
192
192
192
192
192
192
192
192
192
192
192
192
192
192
192
192
192
192
192
192
192
192
192
192
192
192
192
192
192
192
192
192
192
192
192
192
192
192
192
192
192
192
192
192
192
192
192
192
192
192
192
192
192
192
192
192
192
192
192
192
192
192
192
192
192
192
192
193
192
192
192
192
192
192
192
192
193
193
193
192
192
192
192
193
192
193
192
192
192
192
193
192
193
192
192
192
193
194
193
193
193
193
193
193
194
193
194
193
194
193
194
193
193
194
193
194
194
194
194
193
194
194
193
195
195
193
194
194
193
194
195
195
194
194
194
195
195
195
194
195
195
196
195
195
194
195
195
194
195
195
195
195
195
195
196
195
195
195
195
196
196
196
196
195
196
196
195
195
195
197
196
196
197
196
196
196
197
196
196
197
197
196
196
196
197
197
197
197
197
197
197
197
197
197
196
197
197
195
197
197
197
197
198
197
197
197
198
197
198
197
197
197
197
198
197
198
198
196
198
198
198
198
198
198
198
198
199
197
198
198
198
199
197
198
198
198
198
198
197
198
198
199
199
199
197
198
198
198
199
199
198
199
198
199
199
199
199
198
199
199
199
199
199
199
199
198
199
199
199
199
199
199
199
198
199
199
199
198
200
199
199
199
199
199
199
199
199
199
199
199
199
200
199
199
199
199
200
200
199
199
199
199
200
199
200
199
199
200
200
201
200
199
200
200
200
200
201
199
199
199
200
200
200
200
199
200
200
200
200
201
200
200
200
200
201
201
201
201
201
201
201
201
200
201
202
202
202
201
201
201
200
201
202
201
202
201
201
201
202
202
201
201
201
201
201
201
202
201
202
202
201
202
202
202
202
203
202
202
201
202
202
202
203
202
202
202
203
203
201
202
203
204
203
203
203
202
202
202
203
203
203
203
203
203
202
202
204
203
204
203
203
204
204
203
203
203
203
203
203
203
204
203
204
204
204
204
204
203
204
204
204
204
204
204
203
204
204
204
203
204
204
204
204
205
204
204
204
204
204
205
204
205
205
204
204
204
205
204
205
204
205
204
205
205
204
205
204
206
205
206
204
205
205
206
206
205
204
205
204
204
206
206
205
205
204
206
205
206
205
206
206
206
206
206
206
206
206
206
207
206
205
206
207
206
206
206
206
207
207
206
206
206
206
206
207
207
207
206
207
207
207
207
206
206
207
207
207
206
206
206
207
207
207
206
207
207
207
207
207
207
207
207
207
207
207
207
207
207
207
207
207
207
207
207
207
207
207
207
208
207
207
208
207
208
207
207
207
207
207
208
208
209
207
207
207
208
207
209
207
207
207
207
208
209
207
208
208
207
208
210
209
208
208
209
209
209
210
208
209
209
210
209
209
209
209
209
207
210
210
209
209
209
208
210
209
209
210
209
210
210
210
209
209
210
210
210
209
211
209
210
210
210
210
210
210
210
209
211
210
210
210
209
210
210
211
211
209
210
210
211
210
211
210
211
210
211
210
211
210
210
211
211
211
211
211
210
211
210
211
211
211
211
212
211
211
211
211
211
211
211
211
211
211
211
212
211
212
211
211
211
211
212
212
212
211
211
211
211
212
211
212
211
212
212
212
212
212
212
212
212
212
211
212
211
211
212
212
213
212
211
211
211
212
213
212
212
213
213
212
212
212
212
212
212
213
212
213
213
213
213
214
213
212
213
214
213
213
212
213
213
214
213
213
213
213
213
212
214
213
213
212
213
213
214
214
215
213
213
213
214
214
214
213
212
213
214
214
214
214
214
214
214
214
214
214
213
214
214
213
214
213
213
213
214
214
214
213
214
214
214
215
214
214
214
214
216
214
214
214
214
215
215
215
215
215
214
214
214
214
214
215
215
214
215
216
214
215
215
215
215
214
215
215
214
215
215
214
215
216
214
215
216
214
215
216
216
215
216
216
217
216
215
216
215
215
216
214
215
216
216
215
216
216
215
216
215
216
216
215
216
216
216
216
216
215
215
216
215
216
216
216
216
215
216
216
216
216
216
216
216
216
216
216
216
215
215
216
216
216
216
216
216
216
215
215
216
216
216
216
216
216
216
216
216
216
216
216
215
216
216
216
216
216
216
216
215
216
216
216
216
216
216
216
216
216
216
