- Wave Lab
- Date: 2022-11-23 17:06:32
- Duration: 15.00 s

145
145
146
146
145
145
145
146
145
145
145
145
143
145
145
145
145
146
146
145
145
143
145
145
146
145
145
145
145
145
145
145
145
145
144
143
145
145
146
146
145
146
145
145
146
145
145
145
145
145
145
143
145
145
145
144
146
145
145
145
145
146
144
144
145
145
144
144
145
145
145
143
145
145
144
145
145
145
145
144
145
145
145
145
143
146
145
146
146
146
146
144
144
145
144
145
145
144
143
144
146
146
144
145
146
145
145
143
143
146
146
145
145
146
145
145
146
145
145
145
145
146
145
145
143
145
144
146
146
143
145
145
147
143
146
143
146
145
145
146
145
145
146
145
147
145
146
145
146
145
146
145
145
145
146
145
145
143
146
145
146
145
145
143
146
146
145
146
145
146
145
146
145
145
145
145
146
145
144
146
145
145
144
146
145
145
146
143
143
145
145
145
145
145
145
145
145
145
145
145
145
145
145
145
145
145
145
145
144
145
144
145
146
145
145
145
144
146
143
145
144
145
144
143
143
145
143
144
145
145
145
143
143
143
145
145
145
145
145
145
144
145
145
145
145
143
145
144
145
145
146
145
147
145
147
146
146
147
147
146
146
145
145
145
143
143
143
143
143
145
145
145
146
147
146
146
147
147
147
147
146
145
146
145
145
143
144
145
145
145
146
146
146
145
146
146
146
145
145
145
145
145
145
145
146
146
146
145
145
146
146
145
147
146
145
145
145
145
146
145
146
146
146
146
146
147
147
147
147
147
147
149
150
151
152
151
152
153
153
152
154
153
153
152
152
152
151
152
152
151
151
152
152
152
153
153
154
153
153
154
154
154
153
154
154
154
153
152
153
153
153
154
155
153
154
154
155
155
154
154
154
154
156
155
154
154
155
154
155
155
155
154
155
156
156
155
155
154
155
156
156
155
155
154
154
156
156
155
155
155
155
156
155
156
155
155
155
156
156
155
155
155
156
156
156
155
155
155
155
156
156
156
155
156
156
156
156
156
157
157
156
157
157
157
156
156
157
157
157
158
158
158
158
158
158
158
158
158
159
159
159
159
158
159
159
159
159
159
159
159
159
159
159
159
159
159
159
160
159
159
159
161
161
161
159
162
162
161
162
163
162
163
163
162
162
163
163
163
163
163
163
164
164
163
164
164
164
165
165
164
164
165
165
166
165
166
165
166
166
165
166
166
166
166
166
166
166
166
167
167
167
167
167
167
168
167
168
167
167
167
168
168
168
168
168
168
168
169
168
168
169
169
169
169
169
169
169
172
169
169
169
171
170
170
169
170
170
170
171
170
172
171
172
171
172
172
171
172
171
171
173
172
171
172
172
172
172
172
172
173
173
173
172
173
173
172
172
174
174
176
173
174
174
174
174
174
174
174
174
174
176
176
175
174
175
175
176
176
176
176
176
176
176
176
176
176
176
176
176
176
176
177
176
178
177
177
177
178
177
177
177
177
177
178
177
177
178
177
179
179
179
179
179
179
179
180
179
180
179
180
180
180
180
180
180
180
180
180
181
180
179
180
181
181
181
181
182
181
181
181
181
181
181
181
181
182
182
182
182
182
181
182
182
182
183
184
183
184
184
184
184
183
184
184
184
184
183
184
184
184
184
184
184
185
184
184
184
185
186
185
185
184
185
185
186
186
185
185
186
186
186
187
185
186
186
187
186
186
187
187
186
188
186
188
188
187
188
192
188
192
188
188
187
188
192
192
189
188
188
192
192
192
192
192
192
192
192
192
192
192
192
192
192
192
192
192
192
192
192
192
192
192
192
192
192
192
192
192
192
192
192
192
192
192
192
192
192
192
192
192
192
192
192
192
192
192
192
192
192
193
192
192
192
192
192
192
192
192
192
192
192
192
193
192
192
192
192
192
193
193
192
192
193
193
193
192
193
193
193
193
192
193
193
193
193
193
194
194
194
193
195
194
195
193
193
194
195
195
194
193
194
195
193
195
195
195
193
194
194
195
195
194
195
195
195
195
195
195
195
196
196
195
195
196
196
196
195
196
196
196
195
195
196
195
196
196
197
195
197
195
196
196
196
195
196
196
196
197
197
197
197
196
197
197
197
197
197
197
197
198
197
198
198
198
197
197
197
198
196
198
198
198
198
197
197
197
198
198
199
197
198
198
198
198
198
199
198
198
199
199
198
198
199
199
198
198
199
198
198
199
198
199
199
200
199
199
199
198
198
199
199
199
199
199
199
199
199
199
199
199
200
199
199
199
199
199
199
199
199
199
199
199
199
199
199
199
199
199
199
200
199
199
199
199
200
200
199
200
199
199
200
200
199
199
199
200
200
200
201
201
200
200
200
200
200
200
200
201
200
200
200
200
200
200
201
201
201
201
202
201
202
202
200
201
199
201
201
201
202
202
202
201
202
202
203
201
202
201
202
202
201
201
202
202
201
202
201
201
203
201
202
202
201
201
202
202
202
203
202
203
202
202
203
202
203
202
202
203
203
202
202
203
202
203
203
202
202
203
204
202
203
203
203
203
204
204
204
204
204
203
203
203
203
203
204
204
203
203
204
204
203
204
204
204
204
204
204
203
204
204
204
205
204
203
204
204
204
204
204
205
205
204
204
204
204
205
204
204
204
204
204
204
205
203
204
204
205
206
203
204
204
204
205
205
205
205
205
204
206
206
205
204
205
206
205
206
205
205
206
206
206
206
205
205
205
207
205
205
206
206
206
206
206
206
206
206
206
207
206
206
207
207
206
207
206
206
207
206
207
207
207
207
207
207
207
207
207
207
207
207
207
207
207
207
207
207
207
207
207
207
208
207
207
208
207
208
208
207
207
208
207
208
207
207
207
208
208
208
209
207
207
208
208
208
209
207
207
207
208
208
209
207
209
209
209
209
209
210
208
210
209
210
209
209
209
209
210
210
210
209
209
209
209
210
210
209
209
210
210
211
210
210
210
210
211
209
210
210
210
210
210
210
211
210
210
210
211
211
211
210
211
210
211
211
211
211
211
210
211
211
211
211
210
210
211
212
212
211
211
211
211
211
211
211
211
211
211
212
212
211
211
211
212
212
212
212
212
212
212
212
212
211
212
212
213
212
211
212
212
212
212
213
212
212
213
213
212
213
212
212
212
213
213
213
211
212
212
213
214
214
213
212
212
212
213
214
214
213
213
214
213
213
213
213
214
214
214
215
213
214
214
214
213
213
214
213
213
214
214
214
213
213
214
214
213
214
214
214
215
214
214
214
215
214
215
214
213
214
216
215
215
215
214
216
215
215
213
216
215
214
215
215
214
214
214
214
215
215
215
215
214
216
216
215
214
216
216
215
216
216
216
216
216
216
216
216
216
216
216
215
216
216
216
215
216
217
216
216
216
216
216
216
215
215
215
216
216
216
215
216
216
216
216
216
216
217
216
216
216
216
217
216
216
216
216
217
216
216
216
216
216
216
218
217
216
217
217
217
217
217
217
216
217
218
217
217
217
216
217
218
218
217
217
217
217
217
217
217
217
217
217
217
217
217
217
217
217
217
218
217
217
217
218
218
218
218
217
217
217
218
218
219
218
217
217
218
218
219
218
217
217
218
219
218
217
218
218
218
218
218
217
218
218
218
218
218
218
218
218
218
218
218
218
220
218
219
218
219
218
219
219
219
219
218
218
219
220
219
219
219
218
220
220
219
219
218
218
220
219
220
219
220
219
219
219
220
219
220
218
219
219
220
219
219
219
219
219
219
220
220
219
219
218
220
220
219
219
219
219
220
220
219
219
219
219
220
220
219
220
219
219
220
220
220
219
218
218
219
220
219
219
219
219
220
219
219
219
220
219
220
220
220
220
219
220
220
220
219
220
220
219
220
220
220
220
220
220
220
220
221
220
220
220
220
219
220
220
220
220
220
220
220
221
220
220
220
219
220
220
221
220
220
221
220
221
220
224
220
220
221
221
220
220
220
220
221
220
220
220
220
220
220
220
220
221
221
221
220
224
224
221
221
221
220
220
224
220
220
224
220
220
221
220
221
222
222
221
224
221
221
221
220
220
224
224
222
221
224
221
220
222
221
222
221
221
222
224
220
221
221
222
221
221
224
224
222
222
221
222
224
224
222
221
222
224
224
224
221
222
221
224
224
224
222
222
224
222
224
224
222
224
222
222
224
221
224
224
221
222
222
224
224
224
222
222
224
221
224
224
222
223
224
224
224
224
222
224
224
224
224
222
224
224
224
224
224
224
224
222
224
224
224
224
222
224
224
224
224
223
224
224
224
224
224
224
224
224
224
224
224
224
224
224
224
224
224
224
224
224
224
224
224
224
224
224
224
224
224
224
224
224
224
224
224
224
224
224
224
224
224
224
224
224
224
224
224
224
224
224
224
224
224
224
224
224
224
224
224
224
224
224
224
224
224
224
224
224
224
224
224
224
224
224
224
224
224
224
224
224
224
224
224
224
224
224
224
224
224
224
224
224
224
224
224
224
224
224
224
224
224
224
224
224
224
225
224
224
224
224
224
224
224
224
224
224
224
224
224
224
224
224
224
224
224
224
224
224
224
224
224
224
224
224
224
224
224
224
224
224
224
224
224
224
224
224
224
224
224
224
224
224
224
224
225
225
224
224
224
224
224
224
224
225
224
224
224
224
224
224
224
224
224
224
225
224
224
225
225
225
225
224
225
225
225
225
224
224
224
225
224
224
225
225
225
225
225
224
224
225
225
224
225
224
224
225
225
225
225
224
225
225
225
225
224
225
224
224
225
225
225
224
224
225
225
