- Wave Lab
- Date: 2022-11-23 17:21:34
- Duration: 15.00 s

180
180
181
182
181
181
181
181
180
181
181
181
181
181
180
180
181
182
180
181
180
181
182
182
180
181
182
181
181
181
181
180
181
181
181
180
182
181
181
182
181
180
181
180
180
179
180
181
180
180
179
180
181
180
180
179
179
179
181
180
181
180
180
181
179
180
180
179
180
181
179
180
180
180
180
179
179
180
180
180
181
179
180
179
180
181
179
180
181
181
181
180
180
180
180
180
179
179
179
180
180
180
181
180
180
182
181
179
182
179
182
179
179
181
180
180
181
181
181
180
182
180
180
182
180
182
180
182
182
181
181
181
182
180
180
182
182
181
183
182
181
181
181
181
181
181
181
181
182
181
181
181
181
181
181
182
181
182
182
183
182
181
181
182
182
182
181
182
181
181
181
182
181
182
181
182
181
182
182
181
182
182
181
182
182
181
182
181
182
181
183
181
181
182
182
181
181
182
182
181
181
181
180
182
181
181
182
181
182
181
181
181
182
182
181
182
182
183
181
181
182
182
181
182
182
184
182
181
182
183
182
182
182
182
182
182
182
182
181
182
182
182
183
183
182
182
182
182
182
182
183
182
181
182
182
182
183
181
182
182
182
182
182
182
181
182
182
182
182
180
182
182
182
182
182
182
182
181
182
180
181
182
181
182
182
182
184
182
182
181
182
181
182
182
181
182
182
181
181
181
181
181
182
180
183
182
181
183
181
181
182
181
182
181
181
181
180
183
181
181
180
181
181
182
182
182
182
182
181
181
182
182
182
181
182
181
183
182
181
182
182
182
182
181
181
182
181
182
182
180
182
182
181
181
182
182
182
181
181
182
181
180
181
181
181
182
181
181
182
182
182
182
181
182
182
180
182
182
181
181
182
181
182
181
182
182
182
182
182
181
181
182
181
181
181
181
182
182
181
182
182
181
182
182
182
181
182
182
182
182
181
182
182
182
181
182
182
182
181
181
183
182
184
182
181
181
182
181
181
182
182
183
182
182
182
182
181
182
182
182
182
182
182
182
182
182
182
180
181
182
182
181
182
182
182
182
181
182
182
182
182
182
182
183
182
182
182
182
182
182
182
181
182
184
182
182
182
182
182
182
182
181
181
181
182
181
181
182
181
182
182
183
182
182
182
182
182
183
183
182
181
182
182
181
181
181
181
181
182
180
181
181
181
182
182
182
182
182
181
181
181
182
181
182
181
181
181
182
182
181
181
181
182
181
181
182
182
181
181
182
181
181
181
182
181
181
182
181
182
182
182
182
182
182
182
182
183
182
182
182
180
181
182
182
182
181
182
182
182
181
182
181
182
182
182
182
182
181
182
182
182
182
183
181
182
182
181
182
182
182
181
182
181
182
182
182
182
181
182
181
182
182
182
181
182
182
182
182
182
181
182
181
181
181
182
181
181
181
182
181
181
181
182
181
181
181
180
181
180
182
182
181
180
180
182
181
180
181
181
181
181
181
181
181
181
181
181
181
180
181
181
181
181
181
180
181
181
180
181
182
181
181
180
181
181
180
180
180
180
180
180
180
180
181
180
181
181
180
181
181
181
181
180
181
181
180
181
181
181
181
181
181
181
180
180
181
181
180
180
180
181
180
181
180
181
180
180
181
181
180
181
181
180
180
181
182
181
182
181
182
182
181
181
180
181
182
180
182
182
181
181
181
181
182
182
182
182
181
181
182
182
182
181
181
182
182
182
182
182
182
182
182
182
183
182
184
184
183
183
183
182
183
184
184
183
184
182
184
183
183
184
183
184
184
184
184
184
184
184
184
185
184
184
184
185
184
185
185
185
185
185
185
185
186
185
184
186
186
186
186
186
185
186
187
186
187
186
187
192
188
186
187
188
188
188
188
188
192
192
192
192
188
192
192
192
192
192
192
192
192
192
192
192
192
192
192
192
192
192
192
192
192
192
192
192
192
192
192
192
192
192
192
192
192
192
192
192
192
192
192
192
192
192
192
193
192
192
193
193
192
192
193
192
192
193
192
193
193
193
193
194
193
193
194
193
193
194
193
194
194
194
195
194
194
194
194
194
195
194
195
195
195
196
195
195
195
196
195
195
195
195
196
195
196
196
195
195
196
196
197
196
196
196
195
196
196
196
195
195
197
197
196
196
197
197
197
197
198
198
197
198
198
197
197
198
197
197
198
198
198
198
198
198
198
198
198
199
198
198
199
199
199
199
199
199
199
199
198
199
199
198
199
199
199
200
199
199
199
199
199
199
199
199
199
199
199
199
200
200
200
200
199
201
200
200
200
201
200
199
201
200
201
200
201
200
200
201
201
201
200
201
201
201
201
201
201
201
201
201
201
201
201
202
201
201
202
201
203
201
202
201
201
202
204
202
201
202
202
202
202
202
203
202
203
203
202
203
203
203
204
203
203
202
203
203
203
203
203
203
203
203
204
203
203
204
204
204
203
204
204
204
204
204
203
204
204
205
204
203
204
204
205
204
204
204
204
205
205
204
204
205
204
204
205
205
204
205
204
204
204
205
206
205
204
204
204
205
204
206
205
205
205
205
205
205
206
206
206
206
206
205
205
206
206
205
206
206
206
206
206
206
206
206
206
206
207
206
207
207
207
206
206
206
206
207
206
206
206
206
207
207
207
207
207
207
207
207
207
207
207
206
207
207
207
207
207
207
207
207
207
207
207
207
207
207
207
207
207
208
207
207
207
207
207
208
207
208
207
207
208
207
209
208
207
207
207
208
208
209
208
207
209
208
208
208
209
209
209
207
208
209
210
209
209
209
209
209
209
209
209
209
209
209
209
209
210
210
210
209
209
209
209
210
209
209
209
209
210
210
210
209
209
209
210
210
211
209
210
210
210
211
210
210
210
209
210
211
210
210
211
211
211
211
211
211
211
210
211
211
211
211
211
211
211
210
211
211
210
211
211
210
211
211
210
211
211
211
212
212
211
211
212
211
211
211
211
212
211
211
211
210
212
211
211
211
211
212
212
211
211
211
212
211
211
212
211
211
212
212
213
211
212
211
212
212
213
211
212
212
212
212
213
211
212
212
212
212
213
212
212
212
212
212
214
212
211
212
211
212
213
212
212
212
212
212
212
212
212
212
211
213
212
212
212
212
213
213
213
213
213
212
212
213
212
211
212
212
212
213
213
212
213
212
214
213
212
213
213
212
213
213
212
213
213
213
212
213
212
213
213
213
213
213
213
212
213
213
212
212
212
212
213
213
214
214
213
213
214
213
214
213
212
212
213
213
214
214
213
213
214
213
214
214
213
213
213
214
214
213
214
214
214
214
214
214
213
213
213
214
214
214
213
214
214
213
214
214
214
214
214
214
214
214
213
213
214
214
214
214
215
214
215
214
214
214
214
215
214
214
213
214
214
214
214
215
214
214
214
214
214
214
215
214
215
214
214
214
215
214
214
214
214
214
214
214
214
214
214
215
215
214
214
214
214
215
215
214
214
216
215
214
215
215
215
214
214
214
215
215
214
214
213
215
215
215
214
215
215
214
215
214
215
214
214
216
214
215
216
216
215
215
215
215
214
215
216
216
216
215
215
214
215
215
215
215
216
214
216
216
215
215
216
215
215
215
215
215
216
214
215
214
216
216
216
215
216
215
215
216
216
215
215
215
216
216
216
215
215
215
216
215
216
216
216
216
215
215
216
216
216
216
216
215
216
216
216
216
216
215
216
216
216
216
216
216
216
216
216
216
216
216
216
215
215
216
216
216
216
216
216
216
216
216
216
216
216
216
216
216
216
216
216
216
216
216
216
216
215
216
216
216
215
216
216
216
216
216
216
216
216
216
216
216
217
217
216
215
216
216
217
216
217
216
216
216
216
217
216
216
216
217
217
217
216
217
216
216
216
216
217
216
217
216
216
216
216
216
216
216
217
216
216
217
217
216
216
217
217
216
217
217
216
217
216
217
217
217
217
217
216
217
217
217
217
216
217
217
217
217
218
218
217
216
216
216
216
218
217
217
217
217
216
218
218
217
217
218
217
218
216
216
218
217
217
217
217
217
218
217
217
218
217
217
217
217
218
216
217
217
217
218
218
217
217
217
218
217
217
217
218
217
218
218
218
218
218
218
218
217
218
218
218
218
217
217
218
219
218
219
217
218
217
219
218
218
218
219
218
218
217
218
218
217
218
218
218
218
218
217
219
219
218
219
218
219
218
218
218
219
219
217
218
218
217
219
218
218
218
218
220
219
219
218
218
219
219
218
218
220
220
220
219
218
219
218
220
219
218
218
220
219
219
219
218
218
219
219
219
219
220
220
220
219
219
219
220
220
219
219
219
219
220
220
220
219
218
220
219
219
219
219
220
219
219
219
219
219
220
219
220
220
220
220
220
220
220
220
219
219
219
219
220
220
219
220
219
219
219
220
220
220
219
220
221
219
220
220
220
219
220
220
220
220
220
220
220
219
219
220
220
220
220
220
220
220
220
221
220
220
220
220
220
221
220
220
220
220
220
220
220
220
220
220
220
220
220
220
220
220
220
220
220
220
220
220
220
220
220
220
221
220
221
221
221
220
220
220
221
221
220
220
220
220
220
221
220
221
220
221
221
221
221
224
221
221
221
220
221
220
220
220
221
222
224
221
224
224
222
220
221
221
221
220
224
221
221
224
220
221
221
221
222
221
224
224
221
222
221
221
224
224
224
222
221
224
222
222
221
222
221
224
