- Wave Lab
- Date: 2022-11-23 17:18:23
- Duration: 15.00 s

161
159
163
161
161
159
161
161
162
162
161
159
161
161
161
162
159
159
161
161
159
161
162
161
160
161
162
159
159
162
160
161
162
162
159
162
162
159
162
162
159
159
161
159
159
159
159
159
159
159
159
159
159
159
159
161
159
159
159
159
161
159
159
159
161
159
159
159
159
159
159
160
159
161
161
159
161
159
159
159
159
159
161
161
159
161
159
161
161
159
162
159
161
160
161
161
159
159
160
159
161
161
162
161
161
161
163
162
161
162
159
162
162
159
161
162
161
160
161
162
161
162
161
162
159
162
161
161
161
161
161
162
161
163
159
162
161
162
161
162
163
162
161
161
161
162
162
162
159
161
161
161
161
161
159
163
163
162
161
162
162
161
162
161
161
161
162
162
159
162
161
161
161
159
162
161
162
161
161
162
162
161
159
161
161
162
159
161
162
161
161
161
160
161
162
162
161
159
161
162
161
161
161
161
162
159
159
161
159
162
159
161
161
161
161
161
159
161
162
161
161
162
162
162
162
162
159
161
162
162
161
159
161
160
162
161
161
161
162
161
162
162
162
161
162
162
163
163
161
161
162
162
161
162
161
162
161
161
162
163
162
162
161
162
161
161
162
162
162
161
161
159
163
161
161
159
162
162
162
162
162
162
162
162
162
161
162
162
161
161
162
162
161
161
161
162
161
162
161
162
162
162
159
161
162
161
161
162
161
162
161
161
162
162
162
162
161
163
161
162
161
162
162
161
159
161
161
161
162
162
159
162
161
162
162
163
159
162
162
161
161
162
163
162
161
162
162
161
163
163
162
161
162
163
161
162
159
163
162
162
162
162
162
163
162
162
163
162
162
162
163
159
162
162
162
163
162
161
163
162
162
163
162
162
162
162
162
162
159
163
163
162
163
162
162
162
159
162
162
162
161
163
162
161
163
162
161
163
162
162
159
162
162
159
162
162
161
161
162
161
161
159
162
162
162
161
161
161
161
161
159
159
161
159
159
161
159
159
161
161
162
159
161
161
161
161
159
161
159
162
161
161
159
159
159
159
159
159
159
159
161
159
159
159
161
159
161
162
159
162
161
162
162
159
161
160
161
162
159
159
159
161
159
159
159
159
161
162
161
159
161
159
161
161
161
161
162
162
159
161
162
161
162
162
162
159
161
161
159
161
161
162
159
159
161
161
161
161
159
161
161
162
161
162
161
161
159
159
161
161
161
161
162
159
161
161
162
161
161
162
161
163
163
162
162
161
161
162
161
163
161
162
162
162
162
162
162
162
162
162
162
162
163
162
163
162
162
162
162
162
162
162
161
163
162
161
162
162
161
163
163
162
163
162
162
162
162
161
162
163
162
162
162
162
161
162
159
162
162
162
163
162
162
163
162
163
163
163
162
161
162
162
162
162
162
163
159
159
162
162
162
163
162
162
162
162
162
162
162
162
162
163
162
162
163
162
162
161
162
162
162
163
163
162
161
162
162
162
163
162
162
162
162
163
162
162
162
163
162
163
163
163
163
163
163
163
163
163
163
163
163
163
163
162
164
162
163
163
163
163
163
163
163
163
164
163
163
164
163
164
164
165
164
164
165
164
165
165
164
164
165
166
165
165
165
165
165
166
165
166
166
165
166
166
166
166
167
166
166
167
167
167
166
167
166
167
167
166
167
167
168
167
168
167
167
168
168
168
168
169
168
168
168
168
169
169
169
168
169
170
169
169
170
169
170
170
170
171
171
170
170
171
171
170
171
171
172
172
171
172
172
172
171
172
172
172
172
172
173
173
172
172
173
173
173
173
173
172
173
174
172
173
173
174
174
174
176
174
174
174
174
176
176
175
176
176
174
176
176
176
176
176
176
176
176
176
176
176
176
176
177
176
176
177
177
178
177
177
177
177
177
177
178
177
177
178
178
178
178
179
178
179
179
179
179
179
180
180
180
179
179
179
180
181
180
180
181
180
182
181
180
180
181
181
182
182
181
181
182
181
181
184
183
183
182
182
182
183
183
183
183
184
183
184
183
184
183
184
184
184
184
184
184
185
184
184
184
185
185
184
184
184
186
185
185
185
185
186
186
185
186
185
185
186
185
186
185
186
186
187
187
186
186
187
188
187
187
188
192
187
192
187
192
188
192
192
192
192
192
192
192
192
192
192
192
192
192
192
192
192
192
192
192
192
192
192
192
192
192
192
192
192
192
192
192
192
192
192
192
192
192
192
192
192
192
192
192
192
192
192
192
192
192
192
192
192
192
192
192
192
192
192
192
192
192
192
192
193
193
192
192
193
193
193
192
193
192
192
194
194
194
193
193
193
194
193
193
193
193
194
194
194
193
193
194
194
194
194
194
193
195
195
194
195
194
195
195
195
195
195
195
195
195
195
195
195
195
195
195
195
195
195
195
195
196
196
195
196
196
197
196
196
196
197
196
197
196
197
195
196
196
197
196
197
198
197
197
196
197
197
196
196
197
197
197
197
198
197
198
197
197
198
198
197
198
198
198
198
198
198
198
198
199
198
198
199
197
198
198
199
198
198
198
198
199
198
199
198
199
199
199
198
199
199
199
199
199
198
199
199
199
199
199
199
199
199
198
199
199
199
198
200
199
199
199
199
200
199
199
199
199
199
199
199
200
200
200
199
199
199
199
200
200
199
199
200
200
199
199
200
200
200
201
201
201
199
201
200
200
201
201
200
201
200
201
199
201
200
200
201
201
201
200
200
201
201
201
201
201
201
201
201
202
201
200
200
201
201
202
201
201
202
199
201
202
202
201
202
201
201
202
201
202
202
202
201
202
201
201
201
201
201
202
202
201
201
202
201
202
202
203
201
201
201
202
202
203
203
202
202
202
202
204
203
202
203
203
204
203
203
203
202
202
203
203
203
203
203
203
202
203
204
204
203
203
203
203
204
203
203
204
204
203
203
203
204
203
203
203
204
204
202
204
204
203
203
204
204
203
204
204
205
204
204
204
204
204
204
204
204
204
205
204
203
204
204
204
204
204
203
204
204
204
204
204
204
204
204
204
204
204
204
205
204
204
204
205
204
206
205
204
204
204
205
204
204
205
205
204
204
204
204
204
204
204
204
204
205
204
204
205
206
205
205
205
206
204
204
205
205
205
204
204
205
205
206
206
205
204
206
206
206
205
205
205
206
206
206
205
205
206
206
205
205
206
204
206
206
206
205
206
205
206
206
205
205
206
206
206
206
207
206
207
206
206
206
206
206
206
205
206
206
206
207
206
207
206
207
207
207
206
206
207
207
207
207
207
206
207
207
207
207
207
207
207
206
207
207
207
207
207
207
207
207
207
207
207
207
207
207
207
207
207
207
207
207
207
207
207
207
207
207
207
207
207
207
207
207
208
207
207
208
207
207
207
207
207
207
207
208
207
208
207
208
208
207
208
207
208
207
207
207
208
208
207
208
209
207
207
209
208
209
209
208
209
209
209
209
209
209
210
210
209
209
209
208
209
209
209
207
209
209
209
208
209
209
209
209
209
209
210
208
210
210
209
210
209
210
209
210
210
211
209
210
209
210
210
209
210
210
209
210
209
210
210
209
210
211
210
211
211
211
210
210
210
211
210
211
211
211
210
211
212
210
211
210
210
211
211
211
211
211
212
211
211
211
211
212
211
211
211
211
211
211
211
212
212
211
211
211
211
211
211
211
211
211
212
211
212
213
212
212
212
212
212
211
212
212
212
212
212
211
212
212
212
212
212
213
212
213
212
212
213
213
212
211
212
213
212
212
212
213
212
212
212
212
212
213
212
213
213
213
213
214
213
213
213
213
214
213
212
214
213
213
213
213
213
213
214
214
214
213
214
213
213
213
213
213
213
214
213
214
214
214
214
214
214
213
213
214
214
213
214
214
214
214
214
213
214
213
213
213
214
214
214
213
214
214
214
214
214
214
214
214
215
214
215
214
214
214
214
214
214
214
216
214
214
215
214
214
216
215
214
214
214
214
214
215
215
213
214
214
215
215
215
213
215
214
214
215
215
216
215
216
214
215
214
216
215
216
215
215
215
215
215
216
214
214
216
216
215
215
216
215
215
216
216
216
216
216
215
215
216
216
216
215
216
216
216
215
216
215
216
216
216
215
216
216
216
216
216
216
216
217
216
216
216
216
215
216
216
216
216
216
216
216
215
215
216
216
216
216
216
216
216
216
216
215
216
216
216
216
216
216
216
216
215
216
217
216
216
216
216
216
216
216
216
216
216
216
216
216
216
216
216
217
217
216
216
217
216
216
217
217
216
216
216
217
217
217
217
217
217
216
216
216
216
216
216
216
217
217
216
216
216
217
217
217
216
216
217
217
217
216
217
217
217
217
217
217
216
217
218
217
217
217
216
216
218
216
217
218
217
217
216
217
218
217
217
217
217
216
218
217
217
217
216
217
217
218
217
217
218
218
217
216
217
217
218
217
217
218
218
218
217
217
218
218
218
218
219
217
218
218
218
218
217
217
217
218
218
218
217
218
217
218
218
218
218
218
218
218
217
218
217
218
217
218
218
218
218
217
217
218
218
219
219
218
218
219
218
219
219
219
217
218
218
219
219
218
219
218
217
220
218
219
218
217
218
218
220
218
219
219
219
218
219
219
218
218
219
219
217
220
219
219
219
218
218
219
218
218
219
218
219
219
220
218
219
219
219
219
219
219
219
219
219
220
219
218
219
219
219
220
219
